675	827
0	510
1	510
2	510
3	510
4	510
5	510
6	510
7	510
8	510
9	510
10	510
11	510
12	510
13	510
14	510
15	510
16	509
16	510
17	510
18	509
18	510
19	510
20	509
20	510
21	509
21	510
22	509
22	510
23	509
23	510
24	509
24	510
25	509
25	510
26	509
26	510
27	509
27	510
28	509
28	510
29	509
29	510
30	509
30	510
31	509
31	510
32	509
32	510
33	509
33	510
34	509
34	510
35	509
35	510
36	509
36	510
37	509
37	510
38	509
38	510
39	509
39	510
40	509
40	510
41	509
41	510
42	509
42	510
43	509
43	510
44	509
44	510
45	509
45	510
46	509
46	510
47	509
47	510
48	509
48	510
49	509
49	510
50	509
50	510
51	509
51	510
52	509
52	510
53	509
53	510
54	509
54	510
55	509
55	510
56	509
56	510
57	509
57	510
58	509
58	510
59	509
59	510
60	509
60	510
61	509
61	510
62	509
62	510
63	509
63	510
64	509
64	510
65	509
65	510
66	509
66	510
67	509
67	510
68	509
68	510
69	509
69	510
70	509
70	510
71	509
71	510
72	509
72	510
73	509
73	510
74	509
74	510
75	509
75	510
76	509
76	510
77	509
77	510
78	509
78	510
79	509
79	510
80	509
80	510
81	509
81	510
82	509
82	510
83	509
83	510
84	509
84	510
85	509
85	510
86	509
86	510
87	509
87	510
88	509
88	510
89	509
89	510
90	509
90	510
91	509
91	510
92	509
92	510
93	509
93	510
94	509
94	510
95	509
95	510
96	509
96	510
97	509
97	510
98	509
98	510
99	509
99	510
100	509
100	510
101	509
101	510
102	509
102	510
103	509
103	510
104	509
104	510
105	509
105	510
106	509
106	510
107	509
107	510
108	509
108	510
109	509
109	510
110	509
110	510
111	509
111	510
112	509
112	510
113	509
113	510
114	509
114	510
115	509
115	510
116	509
116	510
117	509
117	510
118	509
118	510
119	509
119	510
120	509
120	510
121	509
121	510
122	509
122	510
123	509
123	510
124	509
124	510
125	509
125	510
126	509
126	510
127	509
127	510
128	509
128	510
129	509
129	510
130	509
130	510
131	509
131	510
132	509
132	510
133	509
133	510
134	509
134	510
135	509
135	510
136	509
136	510
137	509
137	510
138	509
138	510
139	509
139	510
140	509
140	510
141	509
141	510
142	509
142	510
143	509
143	510
144	509
144	510
145	509
145	510
146	509
146	510
147	509
147	510
148	509
148	510
149	509
149	510
150	509
150	510
151	509
151	510
152	509
152	510
153	509
153	510
154	509
154	510
155	509
155	510
156	509
156	510
157	509
157	510
158	509
158	510
159	509
159	510
160	509
160	510
161	509
162	509
163	508
163	509
164	508
164	509
165	508
165	509
166	508
167	507
167	508
168	507
168	508
169	507
170	506
170	507
171	506
171	507
172	505
172	506
173	505
174	504
174	505
175	503
175	504
176	503
177	502
177	503
178	501
178	502
179	500
179	501
180	499
180	500
181	498
181	499
182	496
182	497
182	498
183	495
183	496
184	493
184	494
184	495
185	492
185	493
185	494
186	490
186	491
186	492
187	489
187	490
187	491
188	487
188	488
188	489
189	485
189	486
189	487
190	484
190	485
190	486
191	482
191	483
191	484
192	481
192	482
192	483
193	480
193	481
194	479
194	480
195	478
195	479
196	477
196	478
197	476
197	477
198	475
198	476
199	474
199	475
200	474
201	473
201	474
202	472
202	473
203	472
203	473
204	471
204	472
205	471
205	472
206	471
207	470
207	471
208	470
208	471
209	470
209	471
210	470
210	471
211	470
212	470
213	470
214	470
215	470
216	470
217	470
218	470
219	470
219	471
220	470
220	471
221	470
221	471
222	471
223	471
223	472
224	471
224	472
225	472
226	472
226	473
227	473
227	474
228	473
228	474
229	474
229	475
230	475
230	476
231	476
231	477
232	477
232	478
233	478
233	479
234	479
234	480
235	480
235	481
236	481
236	482
236	483
237	482
237	483
237	484
238	484
238	485
239	485
239	486
239	487
240	486
240	487
240	488
241	488
241	489
241	490
242	489
242	490
242	491
243	491
243	492
243	493
244	493
244	494
244	495
245	494
245	495
245	496
246	496
246	497
246	498
247	498
247	499
248	499
248	500
248	501
249	501
249	502
249	503
250	502
250	503
250	504
251	504
251	505
251	506
252	506
252	507
252	508
253	507
253	508
253	509
254	509
254	510
254	511
255	511
255	512
256	512
256	513
257	513
257	514
258	514
258	515
258	516
259	515
259	516
259	517
260	516
260	517
260	518
261	517
261	518
262	518
262	519
263	519
263	520
264	520
264	521
265	521
266	521
266	522
267	522
267	523
268	522
268	523
269	523
269	524
270	523
270	524
271	524
271	525
272	524
272	525
273	525
274	525
274	526
275	525
275	526
276	526
277	526
278	526
278	527
279	526
279	527
280	526
280	527
281	527
282	527
283	527
284	527
284	528
285	527
285	528
286	527
286	528
287	527
287	528
288	527
288	528
289	527
290	527
291	527
292	527
293	526
293	527
294	526
294	527
295	526
295	527
296	526
297	526
298	525
298	526
299	525
299	526
300	525
301	524
301	525
302	524
302	525
303	523
303	524
304	523
304	524
305	523
306	522
306	523
307	522
308	521
308	522
309	520
309	521
310	520
310	521
311	519
311	520
312	518
312	519
313	518
313	519
314	517
314	518
315	516
315	517
316	515
316	516
317	514
317	515
318	513
318	514
319	512
319	513
320	511
320	512
321	510
321	511
322	508
322	509
322	510
323	506
323	507
323	508
323	509
324	504
324	505
324	506
324	507
325	502
325	503
325	504
325	505
326	498
326	499
326	500
326	501
326	502
327	494
327	495
327	496
327	497
327	498
327	499
328	490
328	491
328	492
328	493
328	494
328	495
328	496
329	485
329	486
329	487
329	488
329	489
329	490
329	491
329	492
330	479
330	480
330	481
330	482
330	483
330	484
330	485
330	486
330	487
331	473
331	474
331	475
331	476
331	477
331	478
331	479
331	480
331	481
331	482
332	465
332	467
332	468
332	469
332	470
332	471
332	472
332	473
332	474
332	475
332	476
333	458
333	459
333	460
333	461
333	462
333	463
333	464
333	465
333	466
333	467
333	468
333	469
333	470
334	448
334	449
334	450
334	451
334	452
334	453
334	454
334	455
334	456
334	457
334	458
334	459
334	460
334	461
334	462
335	438
335	439
335	440
335	441
335	442
335	443
335	444
335	445
335	446
335	447
335	448
335	449
335	450
335	451
335	452
335	453
335	454
336	427
336	428
336	429
336	430
336	431
336	432
336	433
336	434
336	435
336	436
336	437
336	438
336	439
336	440
336	441
336	442
336	443
336	444
337	414
337	415
337	416
337	417
337	418
337	419
337	420
337	421
337	422
337	423
337	424
337	425
337	426
337	427
337	428
337	429
337	430
337	431
337	432
337	434
338	401
338	402
338	403
338	404
338	405
338	406
338	407
338	408
338	409
338	410
338	411
338	412
338	413
338	414
338	415
338	416
338	417
338	418
338	419
338	420
338	422
339	386
339	387
339	388
339	389
339	390
339	391
339	392
339	393
339	394
339	395
339	396
339	397
339	398
339	399
339	400
339	401
339	402
339	403
339	404
339	405
339	406
339	407
339	408
340	369
340	370
340	371
340	372
340	373
340	374
340	375
340	376
340	377
340	378
340	379
340	380
340	381
340	382
340	383
340	384
340	385
340	386
340	387
340	388
340	389
340	390
340	391
340	392
340	393
340	395
341	351
341	352
341	353
341	354
341	355
341	356
341	357
341	358
341	359
341	360
341	361
341	362
341	363
341	364
341	365
341	366
341	367
341	368
341	369
341	370
341	371
341	372
341	373
341	374
341	375
341	376
341	377
341	378
341	379
342	332
342	333
342	334
342	335
342	336
342	337
342	338
342	339
342	340
342	341
342	342
342	343
342	344
342	345
342	346
342	347
342	348
342	349
342	350
342	351
342	352
342	353
342	354
342	355
342	356
342	357
342	358
342	359
342	361
342	363
343	313
343	314
343	315
343	316
343	317
343	318
343	319
343	320
343	321
343	322
343	323
343	324
343	325
343	326
343	327
343	328
343	329
343	330
343	331
343	332
343	333
343	334
343	335
343	336
343	337
343	338
343	339
343	340
343	341
343	342
343	343
343	344
343	345
344	294
344	295
344	296
344	297
344	298
344	299
344	300
344	301
344	302
344	303
344	304
344	305
344	306
344	307
344	308
344	309
344	310
344	311
344	312
344	313
344	314
344	315
344	316
344	317
344	318
344	319
344	320
344	321
344	322
344	323
344	325
344	326
345	275
345	276
345	277
345	279
345	280
345	281
345	282
345	283
345	284
345	285
345	286
345	287
345	288
345	289
345	290
345	291
345	292
345	293
345	294
345	295
345	296
345	297
345	298
345	299
345	300
345	301
345	302
345	303
345	305
345	306
345	307
346	258
346	259
346	260
346	261
346	262
346	263
346	264
346	265
346	266
346	267
346	268
346	269
346	270
346	271
346	272
346	273
346	274
346	275
346	276
346	277
346	278
346	279
346	280
346	281
346	282
346	283
346	284
346	285
346	286
346	287
347	243
347	244
347	245
347	246
347	247
347	248
347	249
347	250
347	251
347	252
347	253
347	254
347	255
347	256
347	257
347	258
347	259
347	260
347	261
347	262
347	263
347	264
347	265
347	266
347	268
347	269
348	228
348	229
348	230
348	231
348	232
348	233
348	234
348	235
348	236
348	237
348	238
348	239
348	240
348	241
348	242
348	243
348	244
348	245
348	246
348	247
348	248
348	249
348	250
348	251
349	218
349	219
349	220
349	221
349	222
349	223
349	224
349	225
349	226
349	227
349	228
349	229
349	230
349	231
349	232
349	233
349	234
349	235
349	237
350	206
350	207
350	208
350	209
350	210
350	211
350	212
350	213
350	214
350	215
350	216
350	217
350	218
350	219
350	220
350	221
350	222
350	223
351	198
351	199
351	200
351	201
351	202
351	203
351	204
351	205
351	206
351	207
351	208
351	209
351	210
351	211
351	212
352	192
352	193
352	194
352	195
352	196
352	197
352	198
352	199
352	200
352	201
352	202
352	203
353	188
353	189
353	190
353	191
353	192
353	193
353	194
353	195
354	184
354	185
354	186
354	187
354	188
354	189
354	190
355	182
355	183
355	184
355	185
356	181
356	182
356	183
357	181
358	181
358	182
358	183
359	182
359	183
359	184
359	185
359	186
360	185
360	186
360	187
360	188
360	189
360	190
361	189
361	190
361	191
361	192
361	193
361	194
361	195
361	196
362	194
362	195
362	196
362	197
362	198
362	199
362	200
362	201
362	202
362	203
363	199
363	200
363	201
363	202
363	203
363	204
363	205
363	206
363	207
363	208
363	209
363	210
363	211
364	207
364	208
364	209
364	210
364	211
364	212
364	213
364	214
364	215
364	216
364	217
364	218
364	219
364	221
365	215
365	216
365	217
365	218
365	219
365	220
365	221
365	222
365	223
365	224
365	225
365	226
365	227
365	228
365	229
365	230
366	226
366	227
366	228
366	229
366	230
366	231
366	232
366	233
366	234
366	235
366	236
366	237
366	238
366	239
366	240
366	241
366	242
366	243
367	236
367	237
367	238
367	239
367	240
367	241
367	242
367	243
367	244
367	245
367	246
367	247
367	248
367	249
367	250
367	251
367	252
367	253
367	254
367	255
367	256
368	248
368	249
368	250
368	251
368	252
368	253
368	254
368	255
368	256
368	257
368	258
368	259
368	260
368	261
368	262
368	263
368	264
368	265
368	266
368	267
368	268
368	269
368	270
368	271
369	261
369	262
369	263
369	264
369	265
369	266
369	267
369	268
369	269
369	270
369	271
369	272
369	273
369	274
369	275
369	276
369	277
369	278
369	279
369	280
369	281
369	282
369	283
369	284
369	285
369	286
369	287
370	276
370	278
370	279
370	280
370	281
370	282
370	283
370	284
370	285
370	286
370	287
370	288
370	289
370	290
370	291
370	292
370	293
370	294
370	295
370	296
370	297
370	298
370	299
370	300
370	301
370	302
370	303
370	304
371	293
371	294
371	295
371	296
371	297
371	298
371	299
371	300
371	301
371	302
371	303
371	304
371	305
371	306
371	307
371	308
371	309
371	310
371	311
371	312
371	313
371	314
371	315
371	316
371	317
371	318
371	319
371	320
371	322
371	323
372	310
372	312
372	314
372	315
372	316
372	317
372	318
372	319
372	320
372	321
372	322
372	323
372	324
372	325
372	326
372	327
372	328
372	329
372	330
372	331
372	332
372	333
372	334
372	335
372	336
372	337
372	338
372	339
372	340
372	341
372	342
372	343
373	330
373	331
373	332
373	333
373	334
373	335
373	336
373	337
373	338
373	339
373	340
373	341
373	342
373	343
373	344
373	345
373	346
373	347
373	348
373	349
373	350
373	351
373	352
373	353
373	354
373	355
373	356
373	357
373	358
373	359
373	360
373	361
373	362
373	363
373	364
373	365
374	350
374	351
374	352
374	353
374	354
374	355
374	356
374	357
374	358
374	359
374	360
374	361
374	362
374	363
374	364
374	365
374	366
374	367
374	368
374	369
374	370
374	371
374	372
374	373
374	374
374	375
374	376
374	377
374	378
374	379
374	380
374	381
374	382
374	383
374	384
374	385
374	386
374	387
374	388
375	372
375	373
375	374
375	375
375	376
375	377
375	378
375	379
375	380
375	381
375	382
375	383
375	384
375	385
375	386
375	387
375	388
375	389
375	390
375	391
375	392
375	393
375	394
375	395
375	396
375	397
375	398
375	399
375	400
375	401
375	402
375	403
375	404
375	405
375	406
375	407
375	408
375	409
375	411
375	412
375	413
376	396
376	397
376	398
376	399
376	400
376	401
376	402
376	403
376	404
376	405
376	406
376	407
376	408
376	409
376	410
376	411
376	412
376	413
376	414
376	415
376	416
376	417
376	418
376	419
376	420
376	421
376	422
376	423
376	424
376	425
376	426
376	427
376	428
376	429
376	430
376	431
376	432
376	433
376	434
376	435
376	436
376	437
376	438
376	439
376	440
377	423
377	425
377	426
377	427
377	428
377	429
377	430
377	431
377	432
377	433
377	434
377	435
377	436
377	437
377	438
377	439
377	440
377	441
377	442
377	443
377	444
377	445
377	446
377	447
377	448
377	449
377	450
377	451
377	452
377	453
377	454
377	455
377	456
377	457
377	458
377	459
377	460
377	461
377	462
377	463
377	464
377	465
377	466
377	467
377	468
377	469
378	449
378	450
378	452
378	453
378	454
378	455
378	456
378	457
378	458
378	459
378	460
378	461
378	462
378	463
378	464
378	465
378	466
378	467
378	468
378	469
378	470
378	471
378	472
378	473
378	474
378	475
378	476
378	477
378	478
378	479
378	480
378	481
378	482
378	483
378	484
378	485
378	486
378	487
378	488
378	489
378	490
378	491
378	492
378	493
378	494
378	495
378	496
378	497
378	498
378	499
378	500
378	501
379	479
379	480
379	481
379	482
379	483
379	484
379	485
379	486
379	487
379	488
379	489
379	490
379	491
379	492
379	493
379	494
379	495
379	496
379	497
379	498
379	499
379	500
379	501
379	502
379	503
379	504
379	505
379	506
379	507
379	508
379	509
379	510
379	511
379	512
379	513
379	514
379	515
379	516
379	517
379	518
379	519
379	520
379	521
379	522
379	523
379	524
379	525
379	526
379	527
379	528
379	529
379	530
379	531
379	532
379	533
379	534
379	535
380	511
380	512
380	513
380	514
380	516
380	517
380	518
380	519
380	520
380	521
380	522
380	523
380	524
380	525
380	526
380	527
380	528
380	529
380	530
380	531
380	532
380	533
380	534
380	535
380	536
380	537
380	538
380	539
380	540
380	541
380	542
380	543
380	544
380	545
380	546
380	547
380	548
380	549
380	550
380	551
380	552
380	553
380	554
380	555
380	556
380	557
381	546
381	548
381	549
381	550
381	551
381	552
381	553
381	554
381	555
381	556
381	557
382	552
382	553
382	554
382	555
383	550
383	551
383	552
383	553
384	548
384	549
384	550
385	546
385	547
385	548
386	543
386	544
386	545
386	546
387	541
387	542
387	543
387	544
388	540
388	541
388	542
389	538
389	539
389	540
390	536
390	537
390	538
391	534
391	535
391	536
392	533
392	534
392	535
393	531
393	532
393	533
394	529
394	530
394	531
395	528
395	529
395	530
396	527
396	528
397	525
397	526
397	527
398	524
398	525
399	523
399	524
400	522
400	523
401	521
401	522
402	520
402	521
403	519
403	520
404	518
404	519
405	518
406	517
406	518
407	517
408	516
408	517
409	516
409	517
410	516
411	515
411	516
412	515
412	516
413	515
414	514
414	515
415	514
416	513
416	514
417	513
417	514
418	512
418	513
419	512
419	513
420	511
420	512
421	511
421	512
422	510
422	511
423	510
423	511
424	509
424	510
425	509
426	508
426	509
427	508
428	507
428	508
429	506
429	507
430	506
430	507
431	505
431	506
432	505
433	504
433	505
434	503
434	504
435	503
436	502
436	503
437	501
437	502
438	500
438	501
439	500
439	501
440	499
440	500
441	498
441	499
442	498
442	499
443	497
443	498
444	496
444	497
445	495
445	496
446	495
446	496
447	494
447	495
448	493
448	494
449	492
449	493
450	491
450	492
451	491
451	492
452	490
452	491
453	489
453	490
454	488
454	489
455	487
455	488
456	487
457	486
457	487
458	485
458	486
459	484
459	485
460	483
460	484
461	482
461	483
462	481
462	482
463	481
463	482
464	480
464	481
465	479
465	480
466	478
466	479
467	477
467	478
468	476
468	477
469	475
469	476
470	474
470	475
471	473
471	474
472	472
472	473
473	471
473	472
474	470
474	471
475	469
475	470
476	468
476	469
476	470
477	468
477	469
478	467
478	468
479	466
479	467
480	465
480	466
481	464
481	465
482	463
482	464
483	462
483	463
484	461
484	462
485	460
485	461
486	459
486	460
487	458
487	459
488	457
488	458
489	456
489	457
490	455
490	456
491	454
491	455
492	453
492	454
493	452
493	453
494	451
494	452
495	450
495	451
496	449
496	450
497	448
497	449
498	446
498	447
498	448
499	445
499	446
499	447
500	444
500	445
500	446
501	443
501	444
501	445
502	442
502	443
502	444
503	441
503	442
504	440
504	441
505	439
505	440
506	438
506	439
507	437
507	438
508	436
508	437
509	435
509	436
510	434
510	435
511	433
511	434
512	432
512	433
513	431
513	432
514	430
514	431
515	429
515	430
516	428
516	429
517	427
517	428
518	426
518	427
519	425
519	426
520	424
520	425
521	423
521	424
522	422
522	423
523	421
523	422
524	420
524	421
525	419
525	420
526	418
526	419
527	417
527	418
528	416
528	417
529	415
529	416
530	414
530	415
531	413
531	414
532	412
532	413
533	411
533	412
534	410
534	411
535	409
535	410
536	408
536	409
537	407
537	408
538	407
538	408
539	406
539	407
540	405
540	406
541	404
541	405
542	403
542	404
543	402
543	403
544	402
544	403
545	401
545	402
546	400
546	401
547	399
547	400
548	399
548	400
549	398
549	399
550	398
551	397
551	398
552	396
552	397
553	396
553	397
554	396
555	395
555	396
556	395
556	396
557	395
558	395
559	395
560	395
561	395
562	395
563	395
563	396
564	395
564	396
565	396
565	397
566	396
566	397
567	397
567	398
568	397
568	398
569	398
569	399
570	399
570	400
571	400
571	401
572	401
572	402
573	402
573	403
574	403
574	404
575	404
575	405
576	405
576	406
576	407
577	406
577	407
577	408
578	408
578	409
579	409
579	410
579	411
580	411
580	412
581	412
581	413
581	414
582	414
582	415
582	416
583	415
583	416
583	417
583	418
584	417
584	418
584	419
585	419
585	420
585	421
586	421
586	422
586	423
587	423
587	424
587	425
588	425
588	426
588	427
589	427
589	428
589	429
589	430
590	429
590	430
590	431
590	432
591	431
591	432
591	433
591	434
592	433
592	434
592	435
592	436
593	436
593	437
593	438
593	439
594	438
594	439
594	440
594	441
595	440
595	441
595	442
595	443
596	443
596	444
596	445
596	446
597	445
597	446
597	447
597	448
598	448
598	449
598	450
598	451
599	450
599	451
599	452
599	453
600	453
600	454
600	455
600	456
601	455
601	456
601	457
601	458
601	459
602	458
602	459
602	460
602	461
603	461
603	462
603	463
603	464
604	463
604	464
604	465
604	466
604	467
605	466
605	467
605	468
605	469
606	468
606	469
606	470
606	471
606	472
607	471
607	472
607	473
607	474
608	474
608	475
608	476
608	477
609	476
609	477
609	478
609	479
609	480
610	479
610	480
610	481
610	482
611	481
611	482
611	483
611	484
611	485
612	484
612	485
612	486
612	487
613	486
613	487
613	488
613	489
614	489
614	490
614	491
614	492
615	491
615	492
615	493
615	494
616	494
616	495
616	496
617	496
617	497
617	498
618	498
618	499
618	500
619	500
619	501
619	502
620	502
620	503
620	504
621	503
621	504
621	505
622	505
622	506
622	507
623	506
623	507
623	508
624	508
624	509
625	509
625	510
626	510
627	510
627	511
628	510
628	511
629	510
629	511
630	510
630	511
631	510
631	511
632	510
632	511
633	510
633	511
634	510
634	511
635	510
636	510
636	511
637	510
637	511
638	510
639	510
640	510
641	510
642	510
643	510
644	510
645	510
646	510
647	510
648	510
649	510
650	510
651	510
652	510
653	510
654	510
655	510
656	510
657	510
658	510
659	510
660	510
661	510
662	510
663	510
664	510
665	510
666	510
667	510
668	510
669	510
670	510
671	510
672	510
673	510
674	510
