501	827
0	510
1	510
2	510
3	510
4	510
5	510
6	510
7	510
8	509
8	510
9	510
10	509
10	510
11	510
12	510
13	509
13	510
14	509
14	510
15	509
15	510
16	509
16	510
17	509
17	510
18	509
18	510
19	509
20	509
21	508
21	509
22	508
23	507
23	508
24	507
24	508
25	506
25	507
26	506
27	505
27	506
28	504
28	505
29	503
29	504
30	502
30	503
31	501
31	502
32	500
32	501
33	499
33	500
34	498
34	499
35	497
35	498
36	495
36	496
36	497
37	494
37	495
38	492
38	493
38	494
39	490
39	491
39	492
39	493
40	489
40	490
40	491
41	487
41	488
41	489
42	485
42	486
42	487
42	488
43	483
43	484
43	485
43	486
44	481
44	482
44	483
44	484
45	479
45	480
45	481
45	482
46	477
46	478
46	479
46	480
47	475
47	476
47	477
47	478
48	473
48	474
48	475
48	476
49	470
49	471
49	472
49	473
50	468
50	469
50	470
50	471
51	465
51	466
51	467
51	468
52	463
52	464
52	465
52	466
53	460
53	461
53	462
53	463
54	457
54	458
54	459
54	460
54	461
55	455
55	456
55	457
55	458
56	452
56	453
56	454
56	455
57	449
57	450
57	451
57	452
57	453
58	447
58	448
58	449
58	450
59	444
59	445
59	446
59	447
60	441
60	442
60	443
60	444
60	445
61	438
61	439
61	440
61	441
61	442
62	436
62	437
62	438
62	439
63	433
63	434
63	435
63	436
64	430
64	431
64	432
64	433
64	434
65	428
65	429
65	430
65	431
66	426
66	427
66	428
66	429
67	423
67	424
67	425
67	426
68	421
68	422
68	423
68	424
69	419
69	420
69	421
69	422
70	417
70	418
70	419
70	420
71	416
71	417
71	418
72	414
72	415
72	416
73	413
73	414
73	415
74	412
74	413
75	411
75	412
76	410
76	411
77	410
77	411
78	409
78	410
79	409
79	410
80	410
81	410
81	411
81	412
82	411
82	412
82	413
82	414
83	413
83	414
83	415
83	416
84	415
84	416
84	417
84	418
85	417
85	418
85	419
85	420
85	421
86	420
86	421
86	422
86	423
86	424
87	423
87	424
87	425
87	426
87	427
87	428
88	426
88	427
88	428
88	429
88	430
88	431
89	430
89	431
89	432
89	433
89	434
89	435
90	433
90	434
90	435
90	436
90	437
90	438
91	437
91	438
91	439
91	440
91	441
91	442
92	441
92	442
92	443
92	444
92	445
92	446
93	445
93	446
93	447
93	448
93	449
94	448
94	449
94	450
94	451
94	452
94	453
95	452
95	453
95	454
95	455
95	456
95	457
96	456
96	457
96	458
96	459
96	460
97	459
97	460
97	461
97	462
97	463
98	462
98	463
98	464
98	465
98	466
98	467
99	466
99	467
99	468
99	469
99	470
100	469
100	470
100	471
100	472
100	473
101	472
101	473
101	474
101	475
101	476
102	475
102	476
102	477
102	478
102	479
103	478
103	479
103	480
103	481
104	480
104	481
104	482
104	483
104	484
105	483
105	484
105	485
105	486
106	485
106	486
106	487
106	488
107	488
107	489
107	490
108	490
108	491
108	492
109	492
109	493
109	494
110	494
110	495
110	496
111	496
111	497
112	497
112	498
112	499
113	499
113	500
114	500
114	501
115	501
115	502
116	502
116	503
116	504
117	503
117	504
118	504
118	505
119	505
119	506
120	506
120	507
121	507
121	508
122	508
123	508
123	509
124	509
124	510
125	509
125	510
126	510
126	511
127	510
127	511
128	511
128	512
129	511
129	512
130	512
131	512
131	513
132	512
132	513
133	512
133	513
134	513
135	513
136	513
136	514
137	513
137	514
138	513
138	514
139	513
139	514
140	513
140	514
141	513
141	514
142	513
142	514
143	513
143	514
144	513
144	514
145	513
145	514
146	513
146	514
147	513
147	514
148	513
149	512
149	513
150	512
150	513
151	512
151	513
152	512
153	511
153	512
154	511
154	512
155	511
156	510
156	511
157	510
157	511
158	509
158	510
159	509
159	510
160	508
160	509
161	508
161	509
162	507
162	508
163	507
164	506
164	507
165	505
165	506
166	504
166	505
167	504
167	505
168	503
168	504
169	502
169	503
170	501
170	502
171	500
171	501
172	498
172	499
172	500
173	497
173	498
173	499
174	496
174	497
175	494
175	495
175	496
176	492
176	493
176	494
176	495
177	489
177	490
177	491
177	492
178	486
178	487
178	488
178	489
178	490
179	482
179	483
179	484
179	485
179	486
179	487
180	478
180	479
180	480
180	481
180	482
180	483
180	484
181	474
181	475
181	476
181	477
181	478
181	479
181	480
182	469
182	470
182	471
182	472
182	473
182	474
182	475
182	476
183	463
183	464
183	465
183	466
183	467
183	468
183	469
183	470
183	471
184	457
184	458
184	459
184	460
184	461
184	462
184	463
184	464
184	465
184	466
185	451
185	452
185	453
185	454
185	455
185	456
185	457
185	458
185	459
185	460
186	445
186	446
186	447
186	448
186	449
186	450
186	451
186	452
186	453
186	454
187	437
187	438
187	439
187	440
187	441
187	442
187	443
187	444
187	445
187	446
187	447
187	448
188	430
188	431
188	432
188	433
188	434
188	435
188	436
188	437
188	438
188	439
188	440
188	441
189	423
189	424
189	425
189	426
189	427
189	428
189	429
189	430
189	431
189	432
189	433
189	434
190	414
190	415
190	416
190	417
190	418
190	419
190	420
190	421
190	422
190	423
190	424
190	425
190	426
190	427
191	406
191	407
191	408
191	409
191	410
191	411
191	412
191	413
191	414
191	415
191	416
191	417
191	418
191	419
192	397
192	398
192	399
192	400
192	401
192	402
192	403
192	404
192	405
192	406
192	407
192	408
192	409
192	410
192	411
193	387
193	388
193	389
193	390
193	391
193	392
193	393
193	394
193	395
193	396
193	397
193	398
193	399
193	400
193	401
194	378
194	379
194	380
194	381
194	382
194	383
194	384
194	385
194	386
194	387
194	388
194	389
194	390
194	391
194	392
194	393
195	368
195	369
195	370
195	371
195	372
195	373
195	374
195	375
195	376
195	377
195	378
195	379
195	380
195	381
195	382
195	383
195	384
196	359
196	360
196	361
196	362
196	363
196	364
196	365
196	366
196	367
196	368
196	369
196	370
196	371
196	372
196	373
197	347
197	348
197	349
197	350
197	351
197	352
197	353
197	354
197	355
197	356
197	357
197	358
197	359
197	360
197	361
197	362
197	363
197	364
198	336
198	338
198	339
198	340
198	341
198	342
198	343
198	344
198	345
198	346
198	347
198	348
198	349
198	350
198	351
198	352
198	353
198	354
199	325
199	326
199	327
199	328
199	329
199	330
199	331
199	332
199	333
199	334
199	335
199	336
199	337
199	338
199	339
199	340
199	341
199	342
199	343
200	313
200	314
200	315
200	316
200	317
200	318
200	319
200	320
200	321
200	322
200	323
200	324
200	325
200	326
200	327
200	328
200	329
200	330
200	331
200	332
201	301
201	302
201	303
201	304
201	305
201	306
201	307
201	308
201	309
201	310
201	311
201	312
201	313
201	314
201	315
201	316
201	317
201	318
201	319
201	320
202	289
202	290
202	291
202	292
202	293
202	294
202	295
202	296
202	297
202	298
202	299
202	300
202	301
202	302
202	303
202	304
202	305
202	306
202	307
202	308
202	309
203	277
203	279
203	280
203	281
203	282
203	283
203	284
203	285
203	286
203	287
203	288
203	289
203	290
203	291
203	292
203	293
203	294
203	295
203	296
203	297
204	264
204	265
204	266
204	267
204	268
204	269
204	270
204	271
204	272
204	273
204	274
204	275
204	276
204	277
204	278
204	279
204	280
204	281
204	282
204	283
204	285
205	251
205	252
205	253
205	254
205	255
205	256
205	257
205	258
205	259
205	260
205	261
205	262
205	263
205	264
205	265
205	266
205	267
205	268
205	269
205	270
205	271
205	272
206	237
206	238
206	239
206	240
206	241
206	242
206	243
206	244
206	245
206	246
206	247
206	248
206	249
206	250
206	251
206	252
206	253
206	254
206	255
206	256
206	257
206	258
206	259
207	223
207	224
207	225
207	226
207	227
207	228
207	229
207	230
207	231
207	232
207	233
207	234
207	235
207	236
207	237
207	238
207	239
207	240
207	241
207	242
207	243
207	244
207	246
208	209
208	210
208	211
208	212
208	213
208	214
208	215
208	216
208	217
208	218
208	219
208	220
208	221
208	222
208	223
208	224
208	225
208	226
208	227
208	228
208	229
208	230
208	231
208	232
209	195
209	196
209	197
209	198
209	199
209	200
209	201
209	202
209	203
209	204
209	205
209	206
209	207
209	208
209	209
209	210
209	211
209	212
209	213
209	214
209	215
209	216
209	217
209	218
210	180
210	181
210	182
210	183
210	184
210	185
210	186
210	187
210	188
210	189
210	190
210	191
210	192
210	193
210	194
210	195
210	196
210	197
210	198
210	199
210	200
210	201
210	202
210	203
210	204
211	165
211	166
211	167
211	168
211	169
211	170
211	171
211	172
211	173
211	174
211	175
211	176
211	177
211	178
211	179
211	180
211	181
211	182
211	183
211	184
211	185
211	186
211	188
211	189
212	149
212	150
212	151
212	152
212	153
212	154
212	155
212	156
212	157
212	158
212	159
212	160
212	161
212	162
212	163
212	164
212	165
212	166
212	167
212	168
212	169
212	170
212	171
212	173
213	134
213	135
213	136
213	137
213	138
213	139
213	140
213	141
213	142
213	143
213	144
213	145
213	146
213	147
213	148
213	149
213	150
213	151
213	152
213	153
213	154
213	155
213	156
213	157
213	158
213	159
214	118
214	119
214	120
214	121
214	122
214	123
214	124
214	125
214	126
214	127
214	128
214	129
214	130
214	131
214	132
214	133
214	134
214	135
214	136
214	137
214	138
214	139
214	140
214	142
214	143
214	144
215	101
215	102
215	104
215	105
215	106
215	107
215	108
215	109
215	110
215	111
215	112
215	113
215	114
215	115
215	116
215	117
215	118
215	119
215	120
215	121
215	122
215	123
215	124
215	125
215	126
215	127
215	128
216	84
216	86
216	87
216	88
216	89
216	90
216	91
216	92
216	93
216	94
216	95
216	96
216	97
216	98
216	99
216	100
216	101
216	102
216	103
216	104
216	105
216	106
216	107
216	108
216	109
216	110
216	111
217	67
217	68
217	69
217	70
217	71
217	72
217	73
217	74
217	75
217	76
217	77
217	78
217	79
217	80
217	81
217	82
217	83
217	84
217	85
217	86
217	87
217	88
217	89
217	90
217	91
217	92
217	93
217	94
217	95
218	62
218	63
218	64
218	65
218	66
218	67
218	68
218	69
218	70
218	71
218	72
218	73
218	74
218	75
218	76
218	77
219	63
219	64
219	65
219	66
219	67
219	68
219	69
219	70
219	71
219	72
219	73
219	74
219	75
219	76
219	77
219	78
219	79
219	80
219	81
219	82
219	83
219	84
219	85
219	86
219	87
219	88
219	89
219	90
219	91
219	92
219	93
219	94
219	95
219	96
219	97
219	98
219	99
219	100
219	101
219	102
219	104
219	105
220	85
220	86
220	87
220	88
220	91
220	92
220	93
220	94
220	95
220	96
220	97
220	98
220	99
220	100
220	101
220	102
220	103
220	104
220	105
220	106
220	107
220	108
220	109
220	110
220	111
220	112
220	113
220	114
220	115
220	116
220	117
220	118
220	119
220	120
220	121
220	122
220	123
220	124
220	125
220	126
220	127
220	128
220	130
220	132
220	133
220	135
221	114
221	115
221	116
221	117
221	119
221	120
221	121
221	122
221	123
221	124
221	125
221	126
221	127
221	128
221	129
221	130
221	131
221	132
221	133
221	134
221	135
221	136
221	137
221	138
221	139
221	140
221	141
221	142
221	143
221	144
221	145
221	146
221	147
221	148
221	149
221	150
221	151
221	152
221	153
221	154
221	155
221	156
221	157
221	158
221	159
221	160
221	161
221	162
221	163
221	164
222	144
222	145
222	147
222	148
222	149
222	150
222	151
222	152
222	153
222	154
222	155
222	156
222	157
222	158
222	159
222	160
222	161
222	162
222	163
222	164
222	165
222	166
222	167
222	168
222	169
222	170
222	171
222	172
222	173
222	174
222	175
222	176
222	177
222	178
222	179
222	180
222	181
222	182
222	183
222	184
222	185
222	186
222	187
222	188
222	189
222	190
222	192
223	173
223	174
223	175
223	176
223	177
223	178
223	179
223	180
223	181
223	182
223	183
223	184
223	185
223	186
223	187
223	188
223	189
223	190
223	191
223	192
223	193
223	194
223	195
223	196
223	197
223	198
223	199
223	200
223	201
223	202
223	203
223	204
223	205
223	206
223	207
223	208
223	209
223	210
223	211
223	212
223	213
223	214
223	215
223	216
223	217
223	218
223	219
224	201
224	202
224	203
224	204
224	205
224	206
224	207
224	208
224	209
224	210
224	211
224	212
224	213
224	214
224	215
224	216
224	217
224	218
224	219
224	220
224	221
224	222
224	223
224	224
224	225
224	226
224	227
224	228
224	229
224	230
224	231
224	232
224	233
224	234
224	235
224	236
224	237
224	238
224	239
224	240
224	241
224	242
224	243
224	245
224	246
225	228
225	229
225	230
225	231
225	232
225	233
225	234
225	235
225	236
225	237
225	238
225	239
225	240
225	241
225	242
225	243
225	244
225	245
225	246
225	247
225	248
225	249
225	250
225	251
225	252
225	253
225	254
225	255
225	256
225	257
225	258
225	259
225	260
225	261
225	262
225	263
225	264
225	265
225	267
225	269
225	270
225	271
226	254
226	255
226	256
226	257
226	258
226	259
226	260
226	261
226	262
226	263
226	264
226	265
226	266
226	267
226	268
226	269
226	270
226	271
226	272
226	273
226	274
226	275
226	276
226	277
226	278
226	279
226	280
226	281
226	282
226	283
226	284
226	285
226	286
226	287
226	288
226	289
226	290
226	291
226	293
227	279
227	280
227	281
227	282
227	283
227	284
227	285
227	286
227	287
227	288
227	289
227	290
227	291
227	292
227	293
227	294
227	295
227	296
227	297
227	298
227	299
227	300
227	301
227	302
227	303
227	304
227	305
227	306
227	307
227	308
227	309
227	310
227	311
227	312
227	314
227	315
227	316
227	317
228	302
228	304
228	306
228	307
228	308
228	309
228	310
228	311
228	312
228	313
228	314
228	315
228	316
228	317
228	318
228	319
228	320
228	321
228	322
228	323
228	324
228	325
228	326
228	327
228	328
228	329
228	330
228	331
228	332
228	333
228	334
228	335
228	336
228	338
229	324
229	325
229	326
229	327
229	328
229	329
229	330
229	331
229	332
229	333
229	334
229	335
229	336
229	337
229	338
229	339
229	340
229	341
229	342
229	343
229	344
229	345
229	346
229	347
229	348
229	349
229	350
229	351
229	352
229	353
229	354
229	355
229	356
229	357
230	346
230	347
230	349
230	350
230	351
230	352
230	353
230	354
230	355
230	356
230	357
230	358
230	359
230	360
230	361
230	362
230	363
230	364
230	365
230	366
230	367
230	368
230	369
230	370
230	371
230	372
230	373
230	374
230	376
230	377
231	365
231	367
231	368
231	369
231	370
231	371
231	372
231	373
231	374
231	375
231	376
231	377
231	378
231	379
231	380
231	381
231	382
231	383
231	384
231	385
231	386
231	387
231	388
231	389
231	390
231	391
231	392
231	393
231	394
231	395
232	384
232	385
232	386
232	387
232	388
232	389
232	390
232	391
232	392
232	393
232	394
232	395
232	396
232	397
232	398
232	399
232	400
232	401
232	402
232	403
232	404
232	405
232	406
232	407
232	408
232	409
232	411
233	401
233	402
233	403
233	404
233	405
233	406
233	407
233	408
233	409
233	410
233	411
233	412
233	413
233	414
233	415
233	416
233	417
233	418
233	419
233	420
233	421
233	422
233	423
233	424
233	425
233	427
234	418
234	419
234	420
234	421
234	422
234	423
234	424
234	425
234	426
234	427
234	428
234	429
234	430
234	431
234	432
234	433
234	434
234	435
234	436
234	437
234	438
234	439
234	440
234	441
234	442
234	443
235	434
235	435
235	437
235	438
235	439
235	440
235	441
235	442
235	443
235	444
235	445
235	446
235	447
235	448
235	449
235	450
235	451
235	452
235	453
235	454
235	455
235	456
235	457
236	448
236	449
236	450
236	451
236	452
236	453
236	454
236	455
236	456
236	457
236	458
236	459
236	460
236	461
236	462
236	463
236	464
236	465
236	466
236	467
236	468
236	469
236	470
237	462
237	463
237	464
237	465
237	466
237	467
237	468
237	469
237	470
237	471
237	472
237	473
237	474
237	475
237	476
237	477
237	478
237	479
237	480
237	481
237	482
238	475
238	476
238	477
238	478
238	479
238	480
238	481
238	482
238	483
238	484
238	485
238	486
238	487
238	488
238	489
238	490
238	491
238	492
238	493
238	494
239	487
239	488
239	489
239	490
239	491
239	492
239	493
239	494
239	495
239	496
239	497
239	498
239	499
239	500
239	501
239	502
239	503
239	504
240	498
240	499
240	500
240	501
240	502
240	503
240	504
240	505
240	506
240	507
240	508
240	509
240	510
240	511
240	512
240	513
240	514
241	508
241	510
241	511
241	512
241	513
241	514
241	515
241	516
241	517
241	518
241	519
241	520
241	521
241	522
242	517
242	518
242	519
242	520
242	521
242	522
242	523
242	524
242	525
242	526
242	527
242	528
242	529
243	526
243	527
243	528
243	529
243	530
243	531
243	532
243	533
243	534
243	535
243	536
243	537
244	533
244	534
244	535
244	536
244	537
244	538
244	539
244	540
244	541
244	542
244	543
245	540
245	541
245	542
245	543
245	544
245	545
245	546
245	547
245	548
245	549
246	546
246	547
246	548
246	549
246	550
246	551
246	552
246	553
247	552
247	553
247	554
247	555
247	556
247	557
248	556
248	557
248	558
248	559
248	560
248	561
249	560
249	561
249	562
249	563
249	564
250	563
250	564
250	565
251	565
251	566
251	567
252	567
253	567
253	568
254	567
254	568
255	567
255	568
256	567
256	568
257	567
258	566
258	567
259	566
259	567
260	566
261	565
261	566
262	565
263	564
263	565
264	564
265	563
265	564
266	563
267	562
267	563
268	561
268	562
269	561
269	562
270	560
270	561
271	559
271	560
272	559
273	558
273	559
274	557
274	558
275	556
275	557
276	556
276	557
277	555
277	556
278	554
278	555
279	553
279	554
280	553
280	554
281	552
281	553
282	551
282	552
283	550
283	551
284	549
284	550
285	549
285	550
286	548
286	549
287	547
287	548
288	546
288	547
289	545
289	546
290	544
290	545
291	544
291	545
292	543
292	544
293	542
293	543
294	541
294	542
295	540
295	541
296	539
296	540
297	538
297	539
298	537
298	538
299	536
299	537
300	536
300	537
301	535
301	536
302	534
302	535
303	533
303	534
304	532
304	533
305	531
305	532
306	530
306	531
307	529
307	530
308	528
308	529
309	527
309	528
310	526
310	527
311	525
311	526
312	524
312	525
313	524
313	525
314	523
314	524
315	522
315	523
316	521
316	522
317	520
317	521
318	519
318	520
319	518
319	519
320	517
320	518
321	516
321	517
322	515
322	516
323	514
323	515
324	513
324	514
325	512
325	513
326	511
326	512
327	510
327	511
328	509
328	510
329	508
329	509
330	507
330	508
331	506
331	507
332	505
332	506
333	504
333	505
334	503
334	504
335	502
335	503
336	501
336	502
337	500
337	501
338	499
338	500
339	498
339	499
339	500
340	497
340	498
340	499
341	497
341	498
342	496
342	497
343	495
343	496
344	494
344	495
345	493
345	494
346	492
346	493
347	491
347	492
348	490
348	491
349	489
349	490
350	488
350	489
351	487
351	488
352	486
352	487
353	485
353	486
354	484
354	485
355	483
355	484
356	482
356	483
357	481
357	482
358	480
358	481
359	479
359	480
360	478
360	479
361	477
361	478
362	476
362	477
363	475
363	476
364	474
364	475
365	473
365	474
366	472
366	473
367	471
367	472
368	470
368	471
369	469
369	470
370	468
370	469
370	470
371	468
371	469
372	467
372	468
373	466
373	467
374	465
374	466
375	464
375	465
376	463
376	464
377	462
377	463
378	461
378	462
379	460
379	461
380	459
380	460
381	458
381	459
382	457
382	458
383	456
383	457
384	456
384	457
385	455
385	456
386	454
386	455
387	453
387	454
388	452
388	453
389	451
389	452
390	450
390	451
391	449
391	450
392	449
392	450
393	448
393	449
394	447
394	448
395	446
395	447
396	445
396	446
397	445
397	446
398	444
398	445
399	443
399	444
400	442
400	443
401	442
401	443
402	441
402	442
403	440
403	441
404	440
405	439
405	440
406	438
406	439
407	438
407	439
408	437
408	438
409	437
410	436
410	437
411	436
411	437
412	436
413	435
413	436
414	435
414	436
415	435
415	436
416	435
416	436
417	435
417	436
418	435
418	436
419	436
420	436
421	436
421	437
422	436
422	437
423	437
423	438
424	437
424	438
425	438
426	438
426	439
427	439
427	440
428	440
429	440
429	441
430	441
430	442
431	442
431	443
432	443
432	444
433	444
433	445
434	445
434	446
435	446
435	447
436	447
436	448
437	448
437	449
438	449
438	450
439	450
439	451
439	452
440	451
440	452
440	453
441	453
441	454
442	454
442	455
443	455
443	456
443	457
444	457
444	458
445	458
445	459
445	460
446	459
446	460
446	461
447	461
447	462
447	463
448	462
448	463
448	464
449	464
449	465
449	466
450	466
450	467
450	468
451	467
451	468
451	469
452	469
452	470
452	471
453	470
453	471
453	472
454	472
454	473
454	474
455	473
455	474
455	475
455	476
456	475
456	476
456	477
457	477
457	478
457	479
458	478
458	479
458	480
458	481
459	480
459	481
459	482
460	482
460	483
460	484
461	483
461	484
461	485
462	485
462	486
462	487
463	487
463	488
463	489
464	488
464	489
464	490
465	490
465	491
465	492
466	491
466	492
466	493
467	493
467	494
467	495
468	495
468	496
469	496
469	497
469	498
470	497
470	498
470	499
471	499
471	500
472	500
472	501
473	501
473	502
473	503
474	503
474	504
475	504
475	505
476	505
476	506
477	506
477	507
478	507
479	507
479	508
480	508
480	509
481	508
481	509
482	509
483	509
483	510
484	509
484	510
485	509
485	510
486	509
486	510
487	510
488	510
489	510
490	510
491	510
492	510
493	510
494	510
495	510
496	510
497	510
498	510
499	510
500	510
