675	827
0	509
0	510
1	508
1	509
2	506
2	507
2	508
3	505
3	506
3	507
4	504
4	505
5	503
5	504
6	501
6	502
6	503
7	500
7	501
7	502
8	499
8	500
9	497
9	498
9	499
10	496
10	497
11	494
11	495
11	496
12	493
12	494
12	495
13	492
13	493
14	490
14	491
14	492
15	488
15	489
15	490
16	487
16	488
16	489
17	486
17	487
18	484
18	485
18	486
19	483
19	484
20	481
20	482
20	483
21	480
21	481
21	482
22	478
22	479
22	480
23	477
23	478
23	479
24	476
24	477
25	474
25	475
25	476
26	473
26	474
27	472
27	473
28	470
28	471
28	472
29	469
29	470
29	471
30	468
30	469
31	467
31	468
32	466
32	467
33	465
33	466
34	464
34	465
35	463
35	464
36	462
36	463
37	461
37	462
38	461
38	462
39	460
39	461
40	460
40	461
41	460
42	460
43	460
44	460
45	460
46	460
47	460
48	460
49	460
49	461
50	460
50	461
51	461
52	461
52	462
53	461
53	462
54	462
54	463
55	463
56	463
56	464
57	464
57	465
58	465
58	466
59	466
59	467
60	467
60	468
61	468
61	469
62	469
62	470
62	471
63	470
63	471
63	472
64	472
64	473
64	474
65	473
65	474
65	475
66	475
66	476
66	477
67	476
67	477
67	478
68	478
68	479
68	480
69	479
69	480
69	481
70	481
70	482
70	483
71	482
71	483
71	484
72	484
72	485
73	485
73	486
74	486
74	487
75	487
75	488
76	488
76	489
77	489
77	490
78	490
78	491
79	491
79	492
80	492
80	493
81	492
81	493
82	493
82	494
83	493
83	494
84	494
84	495
85	494
85	495
86	495
87	495
88	495
88	496
89	495
89	496
90	495
90	496
91	496
92	496
93	496
94	496
95	496
96	496
97	496
98	496
99	495
99	496
100	495
100	496
101	495
101	496
102	495
102	496
103	495
104	494
104	495
105	494
105	495
106	494
107	493
107	494
108	493
109	492
109	493
110	491
110	492
111	491
112	490
112	491
113	489
113	490
114	488
114	489
115	487
115	488
116	486
116	487
116	488
117	486
117	487
118	485
118	486
119	484
119	485
120	483
120	484
121	482
121	483
122	481
122	482
123	480
123	481
124	479
124	480
125	478
125	479
126	477
126	478
127	477
127	478
128	476
128	477
129	475
129	476
130	475
131	474
131	475
132	474
133	473
133	474
134	473
135	472
135	473
136	472
136	473
137	472
138	471
138	472
139	471
139	472
140	471
141	471
142	471
143	470
143	471
144	470
144	471
145	470
145	471
146	470
146	471
147	470
147	471
148	470
148	471
149	470
149	471
150	471
151	470
151	471
152	471
153	471
154	471
154	472
155	471
155	472
156	471
156	472
157	472
158	472
159	472
159	473
160	472
160	473
161	473
162	473
162	474
163	474
164	474
164	475
165	474
165	475
166	475
166	476
167	475
167	476
168	476
168	477
169	477
170	477
170	478
171	478
171	479
172	479
172	480
173	479
173	480
174	480
174	481
175	481
175	482
176	482
176	483
177	483
177	484
178	484
178	485
179	485
179	486
180	486
180	487
181	487
181	488
182	488
182	489
183	489
183	490
183	491
184	491
184	492
185	492
185	493
186	493
186	494
186	495
187	494
187	495
187	496
188	496
188	497
188	498
189	497
189	498
189	499
190	499
190	500
190	501
191	500
191	501
191	502
192	502
192	503
192	504
193	504
193	505
193	506
194	505
194	506
194	507
194	508
195	507
195	508
195	509
196	509
196	510
196	511
197	511
197	512
197	513
198	512
198	513
198	514
198	515
199	514
199	515
199	516
199	517
200	516
200	517
200	518
200	519
201	518
201	519
201	520
201	521
202	520
202	521
202	522
202	523
203	522
203	523
203	524
203	525
204	524
204	525
204	526
204	527
205	526
205	527
205	528
205	529
206	528
206	529
206	530
206	531
207	530
207	531
207	532
207	533
208	532
208	533
208	534
208	535
209	535
209	536
209	537
210	536
210	537
210	538
210	539
211	539
211	540
211	541
212	541
212	542
212	543
213	543
213	544
213	545
214	544
214	545
214	546
214	547
215	546
215	547
215	548
215	549
216	548
216	549
216	550
216	551
217	550
217	551
217	552
218	552
218	553
218	554
219	554
219	555
219	556
220	556
220	557
220	558
221	557
221	558
221	559
222	559
222	560
222	561
223	560
223	561
223	562
224	562
224	563
224	564
225	564
225	565
226	565
226	566
226	567
227	567
227	568
228	568
228	569
229	569
229	570
230	570
230	571
230	572
231	572
231	573
232	573
232	574
233	574
233	575
234	575
234	576
235	576
235	577
236	577
236	578
237	578
237	579
238	579
239	579
239	580
240	580
240	581
241	581
241	582
242	582
243	582
243	583
244	583
244	584
245	583
245	584
246	584
247	584
247	585
248	585
248	586
249	585
249	586
250	586
251	586
251	587
252	586
252	587
253	587
254	587
254	588
255	587
255	588
256	587
256	588
257	588
258	588
259	588
260	588
261	588
261	589
262	588
262	589
263	588
263	589
264	588
264	589
265	588
265	589
266	588
266	589
267	588
267	589
268	588
269	588
270	587
270	588
271	587
271	588
272	587
273	586
273	587
274	586
274	587
275	585
275	586
276	585
276	586
277	584
277	585
278	584
278	585
279	583
279	584
280	582
280	583
281	582
281	583
282	581
282	582
283	580
283	581
284	579
284	580
285	578
285	579
286	578
286	579
287	577
287	578
288	576
288	577
289	575
289	576
290	573
290	574
290	575
291	572
291	573
291	574
292	571
292	572
293	570
293	571
294	569
294	570
295	567
295	568
295	569
296	566
296	567
296	568
297	565
297	566
298	563
298	564
298	565
299	562
299	563
299	564
300	560
300	561
300	562
301	559
301	560
301	561
302	557
302	558
302	559
303	556
303	557
303	558
304	554
304	555
304	556
305	553
305	554
305	555
306	551
306	552
306	553
307	549
307	550
307	551
307	552
308	548
308	549
308	550
309	546
309	547
309	548
310	544
310	545
310	546
311	542
311	543
311	544
311	545
312	541
312	542
312	543
313	539
313	540
313	541
314	537
314	538
314	539
315	535
315	536
315	537
315	538
316	533
316	534
316	535
316	536
317	531
317	532
317	533
317	534
318	529
318	530
318	531
318	532
319	527
319	528
319	529
319	530
320	525
320	526
320	527
320	528
321	523
321	524
321	525
321	526
322	521
322	522
322	523
322	524
323	519
323	520
323	521
323	522
324	517
324	518
324	519
324	520
325	515
325	516
325	517
325	518
326	513
326	514
326	515
327	511
327	512
327	513
328	509
328	510
328	511
329	506
329	507
329	508
329	509
330	504
330	505
330	506
330	507
331	502
331	503
331	504
331	505
332	500
332	501
332	502
332	503
333	498
333	499
333	500
333	501
334	495
334	496
334	497
334	498
335	493
335	494
335	495
335	496
336	491
336	492
336	493
336	494
337	489
337	490
337	491
337	492
338	487
338	488
338	489
339	484
339	485
339	486
339	487
340	482
340	483
340	484
340	485
341	480
341	481
341	482
341	483
342	478
342	479
342	480
343	475
343	476
343	477
343	478
344	473
344	474
344	475
344	476
345	471
345	472
345	473
345	474
346	469
346	470
346	471
347	467
347	468
347	469
348	464
348	465
348	466
348	467
349	462
349	463
349	464
349	465
350	460
350	461
350	462
350	463
351	457
351	458
351	459
351	460
352	455
352	456
352	457
352	458
353	453
353	454
353	455
353	456
354	451
354	452
354	453
354	454
355	449
355	450
355	451
355	452
356	447
356	448
356	449
357	444
357	445
357	446
357	447
358	442
358	443
358	444
358	445
359	440
359	441
359	442
359	443
360	438
360	439
360	440
360	441
361	436
361	437
361	438
361	439
362	434
362	435
362	436
362	437
363	432
363	433
363	434
364	430
364	431
364	432
364	433
365	428
365	429
365	430
366	426
366	427
366	428
366	429
367	424
367	425
367	426
367	427
368	422
368	423
368	424
368	425
369	420
369	421
369	422
369	423
370	418
370	419
370	420
370	421
371	416
371	417
371	418
371	419
372	415
372	416
372	417
373	413
373	414
373	415
374	411
374	412
374	413
375	409
375	410
375	411
375	412
376	408
376	409
376	410
377	406
377	407
377	408
378	405
378	406
378	407
379	403
379	404
379	405
380	401
380	402
380	403
381	400
381	401
381	402
382	399
382	400
383	397
383	398
383	399
384	396
384	397
385	394
385	395
385	396
386	393
386	394
386	395
387	392
387	393
388	390
388	391
388	392
389	389
389	390
389	391
390	388
390	389
391	387
391	388
392	386
392	387
393	385
393	386
394	384
394	385
395	383
395	384
396	382
396	383
397	381
397	382
398	380
398	381
399	379
399	380
400	379
400	380
401	378
401	379
402	378
403	377
403	378
404	376
404	377
405	376
405	377
406	375
406	376
407	375
407	376
408	375
409	374
409	375
410	374
410	375
411	374
412	374
413	374
414	374
415	373
415	374
416	373
416	374
417	374
418	374
419	374
419	375
420	374
420	375
421	374
421	375
422	375
423	375
423	376
424	375
424	376
425	376
425	377
426	376
426	377
427	377
427	378
428	377
428	378
429	378
429	379
430	379
430	380
431	380
431	381
432	380
432	381
433	381
433	382
434	382
434	383
435	383
435	384
436	384
436	385
437	385
437	386
438	386
438	387
438	388
439	388
439	389
440	389
440	390
441	390
441	391
441	392
442	392
442	393
443	393
443	394
443	395
444	394
444	395
444	396
445	396
445	397
445	398
446	397
446	398
446	399
446	400
447	399
447	400
447	401
448	401
448	402
448	403
449	402
449	403
449	404
449	405
450	404
450	405
450	406
450	407
451	406
451	407
451	408
452	408
452	409
452	410
452	411
453	410
453	411
453	412
453	413
454	412
454	413
454	414
454	415
455	414
455	415
455	416
455	417
456	416
456	417
456	418
456	419
457	418
457	419
457	420
457	421
458	421
458	422
458	423
459	423
459	424
459	425
459	426
460	425
460	426
460	427
460	428
461	428
461	429
461	430
461	431
462	430
462	431
462	432
462	433
463	432
463	433
463	434
463	435
464	435
464	436
464	437
464	438
465	437
465	438
465	439
465	440
466	440
466	441
466	442
466	443
467	442
467	443
467	444
467	445
468	445
468	446
468	447
468	448
469	447
469	448
469	449
469	450
469	451
470	450
470	451
470	452
470	453
471	452
471	453
471	454
471	455
471	456
472	455
472	456
472	457
472	458
473	458
473	459
473	460
473	461
474	460
474	461
474	462
474	463
474	464
475	463
475	464
475	465
475	466
476	465
476	466
476	467
476	468
476	469
477	468
477	469
477	470
477	471
478	471
478	472
478	473
478	474
479	473
479	474
479	475
479	476
480	476
480	477
480	478
480	479
481	478
481	479
481	480
481	481
482	481
482	482
482	483
482	484
483	483
483	484
483	485
483	486
483	487
484	486
484	487
484	488
484	489
485	488
485	489
485	490
485	491
486	491
486	492
486	493
486	494
487	493
487	494
487	495
487	496
488	496
488	497
488	498
488	499
489	498
489	499
489	500
489	501
490	500
490	501
490	502
490	503
491	503
491	504
491	505
491	506
492	505
492	506
492	507
492	508
493	507
493	508
493	509
493	510
494	510
494	511
494	512
495	512
495	513
495	514
495	515
496	514
496	515
496	516
496	517
497	516
497	517
497	518
497	519
498	518
498	519
498	520
498	521
499	520
499	521
499	522
499	523
500	522
500	523
500	524
500	525
501	524
501	525
501	526
501	527
502	526
502	527
502	528
502	529
503	528
503	529
503	530
503	531
504	530
504	531
504	532
504	533
505	532
505	533
505	534
506	534
506	535
506	536
507	536
507	537
507	538
508	537
508	538
508	539
508	540
509	539
509	540
509	541
510	541
510	542
510	543
511	542
511	543
511	544
512	544
512	545
512	546
513	546
513	547
513	548
514	547
514	548
514	549
515	549
515	550
515	551
516	550
516	551
516	552
517	552
517	553
518	553
518	554
518	555
519	554
519	555
519	556
520	556
520	557
521	557
521	558
521	559
522	558
522	559
522	560
523	560
523	561
524	561
524	562
525	562
525	563
526	563
526	564
527	564
527	565
528	565
528	566
528	567
529	566
529	567
529	568
530	567
530	568
530	569
531	568
531	569
532	569
532	570
533	570
533	571
534	571
534	572
535	572
535	573
536	573
536	574
537	574
537	575
538	575
539	575
539	576
540	576
540	577
541	577
541	578
542	577
542	578
543	578
543	579
544	579
544	580
545	579
545	580
546	580
546	581
547	580
547	581
548	581
548	582
549	581
549	582
550	582
550	583
551	582
551	583
552	583
552	584
553	583
553	584
554	584
555	584
555	585
556	584
556	585
557	585
558	585
558	586
559	585
559	586
560	586
561	586
561	587
562	586
562	587
563	586
563	587
564	586
564	587
565	587
566	587
567	587
567	588
568	587
568	588
569	587
569	588
570	587
570	588
571	587
571	588
572	587
572	588
573	587
573	588
574	587
574	588
575	587
575	588
576	587
576	588
577	587
577	588
578	587
578	588
579	587
579	588
580	587
581	586
581	587
582	586
582	587
583	586
584	585
584	586
585	585
585	586
586	585
587	584
587	585
588	584
589	583
589	584
590	583
590	584
591	582
591	583
592	582
592	583
593	581
593	582
594	581
594	582
595	580
595	581
596	580
597	579
597	580
598	578
598	579
599	578
600	577
600	578
601	576
601	577
602	576
602	577
603	575
603	576
604	574
604	575
605	573
605	574
606	573
606	574
607	572
607	573
608	571
608	572
609	571
610	570
610	571
611	569
611	570
612	568
612	569
613	567
613	568
614	567
614	568
615	566
615	567
616	565
616	566
617	564
617	565
618	563
618	564
619	562
619	563
620	562
620	563
621	561
621	562
622	560
622	561
623	559
623	560
624	558
624	559
625	557
625	558
626	556
626	557
627	555
627	556
628	554
628	555
629	554
629	555
630	553
630	554
631	552
631	553
632	551
632	552
633	550
633	551
634	549
634	550
635	548
635	549
636	547
636	548
637	546
637	547
638	545
638	546
639	544
639	545
640	543
640	544
641	542
641	543
642	541
642	542
643	540
643	541
644	539
644	540
645	538
645	539
646	537
646	538
647	536
647	537
648	535
648	536
649	534
649	535
649	536
650	534
650	535
651	533
651	534
652	532
652	533
653	531
653	532
654	530
654	531
655	529
655	530
656	528
656	529
657	527
657	528
658	526
658	527
659	525
659	526
660	524
660	525
661	523
661	524
662	522
662	523
663	521
663	522
664	520
664	521
665	519
665	520
666	518
666	519
667	517
667	518
668	516
668	517
669	515
669	516
670	514
670	515
671	513
671	514
672	512
672	513
673	511
673	512
674	510
674	511
